githubhandle: githubstudent
Latitute:24.453884
Longigtude:54.377344
